   0.0000000e+00   7.9668860e-01   2.3546826e-01   7.3977319e-01   4.2216325e-01   4.8874319e-01   5.2780218e-01   9.3606704e-01  -9.3131936e-01  -3.0410462e-02   8.1055504e-01   3.7551086e-01   9.4455394e-01  -1.5503181e-01   8.5504954e-01   6.6006828e-01   4.7426319e-01   8.0038588e-01  -1.5142084e-01   8.7825727e-01
   7.9668860e-01   0.0000000e+00   5.6724427e-01   9.3252031e-01   8.6460264e-01   7.8062164e-01   9.1391710e-01   9.3184987e-01  -7.7774665e-01   5.3907902e-01   9.9938628e-01   8.4842373e-01   7.6146000e-01  -4.3878727e-01   9.9454333e-01   9.6804469e-01   9.0482447e-01   2.8076587e-01  -1.3976694e-01   9.2274232e-01
   2.3546826e-01   5.6724427e-01   0.0000000e+00   7.9861505e-01   4.7014232e-01   8.7963451e-02   4.6331124e-01   5.4005613e-01  -5.2298214e-01   3.1048861e-01   5.7748410e-01   5.2433601e-01   4.7497212e-01  -9.8635368e-01   5.3506635e-01   7.4141060e-01   5.6910744e-01  -1.0577565e-01   6.7713953e-01   6.6413331e-01
   7.3977319e-01   9.3252031e-01   7.9861505e-01   0.0000000e+00   7.2174844e-01   5.1790831e-01   7.6935857e-01   9.2875584e-01  -8.5233042e-01   3.7628288e-01   9.4112075e-01   7.2806692e-01   8.2560063e-01  -7.1379009e-01   9.3082172e-01   9.6523622e-01   8.0194542e-01   2.9417502e-01   2.2674385e-01   9.6904178e-01
   4.2216325e-01   8.6460264e-01   4.7014232e-01   7.2174844e-01   0.0000000e+00   9.1276145e-01   9.9273958e-01   6.2337697e-01  -3.5850489e-01   8.8862571e-01   8.4740238e-01   9.9659916e-01   3.3282516e-01  -3.1968147e-01   8.1149063e-01   8.7713397e-01   9.9159492e-01  -2.0309691e-01  -3.2912751e-01   6.2021706e-01
   4.8874319e-01   7.8062164e-01   8.7963451e-02   5.1790831e-01   9.1276145e-01   0.0000000e+00   9.2351072e-01   5.5726423e-01  -2.8331107e-01   7.9968203e-01   7.5985028e-01   8.7823993e-01   2.7937154e-01   7.7238955e-02   7.4713290e-01   6.9649537e-01   8.6741922e-01  -5.1548367e-02  -6.7233412e-01   4.9027976e-01
   5.2780218e-01   9.1391710e-01   4.6331124e-01   7.6935857e-01   9.9273958e-01   9.2351072e-01   0.0000000e+00   7.0554474e-01  -4.5566171e-01   8.2947939e-01   8.9945071e-01   9.8276392e-01   4.3374894e-01  -3.1108642e-01   8.7199253e-01   9.0571817e-01   9.9068303e-01  -8.3869968e-02  -3.3728849e-01   6.9356752e-01
   9.3606704e-01   9.3184987e-01   5.4005613e-01   9.2875584e-01   6.2337697e-01   5.5726423e-01   7.0554474e-01   0.0000000e+00  -9.5117025e-01   1.9704508e-01   9.4327153e-01   6.0035285e-01   9.4455570e-01  -4.4853764e-01   9.6186583e-01   8.7215157e-01   6.9169621e-01   5.8499580e-01   1.6675289e-02   9.8749806e-01
  -9.3131936e-01  -7.7774665e-01  -5.2298214e-01  -8.5233042e-01  -3.5850489e-01  -2.8331107e-01  -4.5566171e-01  -9.5117025e-01   0.0000000e+00   1.0292417e-01  -7.9877119e-01  -3.3812570e-01  -9.9843601e-01   4.7675118e-01  -8.3092407e-01  -7.1930152e-01  -4.4955920e-01  -7.4762051e-01  -2.1214060e-01  -9.4906174e-01
  -3.0410462e-02   5.3907902e-01   3.1048861e-01   3.7628288e-01   8.8862571e-01   7.9968203e-01   8.2947939e-01   1.9704508e-01   1.0292417e-01   0.0000000e+00   5.1137741e-01   9.0129458e-01  -1.3338486e-01  -1.7850732e-01   4.5325732e-01   6.0024212e-01   8.4219206e-01  -6.1204116e-01  -3.8166645e-01   2.0743460e-01
   8.1055504e-01   9.9938628e-01   5.7748410e-01   9.4112075e-01   8.4740238e-01   7.5985028e-01   8.9945071e-01   9.4327153e-01  -7.9877119e-01   5.1137741e-01   0.0000000e+00   8.3141211e-01   7.8271768e-01  -4.5247334e-01   9.9667766e-01   9.6747125e-01   8.9144403e-01   3.0591964e-01  -1.1581875e-01   9.3562995e-01
   3.7551086e-01   8.4842373e-01   5.2433601e-01   7.2806692e-01   9.9659916e-01   8.7823993e-01   9.8276392e-01   6.0035285e-01  -3.3812570e-01   9.0129458e-01   8.3141211e-01   0.0000000e+00   3.0845440e-01  -3.7962175e-01   7.9024068e-01   8.8171497e-01   9.9263094e-01  -2.5489663e-01  -2.6539187e-01   6.0984163e-01
   9.4455394e-01   7.6146000e-01   4.7497212e-01   8.2560063e-01   3.3282516e-01   2.7937154e-01   4.3374894e-01   9.4455570e-01  -9.9843601e-01  -1.3338486e-01   7.8271768e-01   3.0845440e-01   0.0000000e+00  -4.2935395e-01   8.1888449e-01   6.9021683e-01   4.2094330e-01   7.8118669e-01   1.8058039e-01   9.3477249e-01
  -1.5503181e-01  -4.3878727e-01  -9.8635368e-01  -7.1379009e-01  -3.1968147e-01   7.7238955e-02  -3.1108642e-01  -4.4853764e-01   4.7675118e-01  -1.7850732e-01  -4.5247334e-01  -3.7962175e-01  -4.2935395e-01   0.0000000e+00  -4.1213050e-01  -6.2698940e-01  -4.2623912e-01   9.7194367e-02  -7.8887409e-01  -5.8378754e-01
   8.5504954e-01   9.9454333e-01   5.3506635e-01   9.3082172e-01   8.1149063e-01   7.4713290e-01   8.7199253e-01   9.6186583e-01  -8.3092407e-01   4.5325732e-01   9.9667766e-01   7.9024068e-01   8.1888449e-01  -4.1213050e-01   0.0000000e+00   9.4553558e-01   8.5622840e-01   3.7936123e-01  -1.3512595e-01   9.4558722e-01
   6.6006828e-01   9.6804469e-01   7.4141060e-01   9.6523622e-01   8.7713397e-01   6.9649537e-01   9.0571817e-01   8.7215157e-01  -7.1930152e-01   6.0024212e-01   9.6747125e-01   8.8171497e-01   6.9021683e-01  -6.2698940e-01   9.4553558e-01   0.0000000e+00   9.3020367e-01   1.1392271e-01   4.5315215e-02   9.0154280e-01
   4.7426319e-01   9.0482447e-01   5.6910744e-01   8.0194542e-01   9.9159492e-01   8.6741922e-01   9.9068303e-01   6.9169621e-01  -4.4955920e-01   8.4219206e-01   8.9144403e-01   9.9263094e-01   4.2094330e-01  -4.2623912e-01   8.5622840e-01   9.3020367e-01   0.0000000e+00  -1.4786633e-01  -2.1967162e-01   7.0128710e-01
   8.0038588e-01   2.8076587e-01  -1.0577565e-01   2.9417502e-01  -2.0309691e-01  -5.1548367e-02  -8.3869968e-02   5.8499580e-01  -7.4762051e-01  -6.1204116e-01   3.0591964e-01  -2.5489663e-01   7.8118669e-01   9.7194367e-02   3.7936123e-01   1.1392271e-01  -1.4786633e-01   0.0000000e+00  -3.4595131e-04   5.1646967e-01
  -1.5142084e-01  -1.3976694e-01   6.7713953e-01   2.2674385e-01  -3.2912751e-01  -6.7233412e-01  -3.3728849e-01   1.6675289e-02  -2.1214060e-01  -3.8166645e-01  -1.1581875e-01  -2.6539187e-01   1.8058039e-01  -7.8887409e-01  -1.3512595e-01   4.5315215e-02  -2.1967162e-01  -3.4595131e-04   0.0000000e+00   1.5576459e-01
   8.7825727e-01   9.2274232e-01   6.6413331e-01   9.6904178e-01   6.2021706e-01   4.9027976e-01   6.9356752e-01   9.8749806e-01  -9.4906174e-01   2.0743460e-01   9.3562995e-01   6.0984163e-01   9.3477249e-01  -5.8378754e-01   9.4558722e-01   9.0154280e-01   7.0128710e-01   5.1646967e-01   1.5576459e-01   0.0000000e+00
