   0.0000000e+00   7.0585813e-01   2.0781511e-01  -9.0342611e-01  -2.1777236e-02   6.5060648e-01   6.8941963e-01  -9.0750078e-01  -2.4063086e-01   1.0731859e-01  -5.2052676e-01  -7.5794652e-01   9.6246906e-01   4.7424063e-02  -8.5530637e-01  -1.5055971e-01   3.4033937e-01  -9.1457136e-01  -9.1826621e-01   7.1171331e-01
   7.0585813e-01   0.0000000e+00   7.6488644e-01  -6.0516882e-01   6.9267082e-01   9.9565562e-01   9.9577910e-01  -4.0427481e-01  -8.5052225e-01   7.2428442e-01   1.2145875e-01  -2.5822460e-01   6.6415103e-01  -6.3145309e-01  -3.2927351e-01   5.5622575e-01   7.0217640e-01  -6.8466221e-01  -9.2503177e-01   9.8381489e-01
   2.0781511e-01   7.6488644e-01   0.0000000e+00   4.0640484e-02   8.7668640e-01   7.7094594e-01   7.3089728e-01   2.1530580e-01  -9.4908515e-01   9.9256725e-01   7.1623614e-01   4.1424825e-01   6.1752470e-02  -6.5851648e-01   3.1235988e-01   9.2645327e-01   9.3912675e-01  -6.1249740e-02  -5.5994017e-01   6.6264738e-01
  -9.0342611e-01  -6.0516882e-01   4.0640484e-02   0.0000000e+00   7.4123542e-02  -5.7728025e-01  -6.2811662e-01   9.4399494e-01   1.1493671e-01   1.1031532e-01   7.1624451e-01   9.2535218e-01  -9.8583128e-01   5.9620279e-02   9.3713294e-01   3.1550641e-01   1.1234481e-02   9.9449690e-01   7.8462463e-01  -6.8744824e-01
  -2.1777236e-02   6.9267082e-01   8.7668640e-01   7.4123542e-02   0.0000000e+00   7.4163340e-01   7.0164343e-01   3.5832062e-01  -9.5800583e-01   9.2059273e-01   7.1128479e-01   4.1755535e-01  -4.7861871e-02  -9.3246097e-01   4.1281203e-01   9.4456623e-01   6.5804087e-01  -2.7220918e-02  -3.7196232e-01   6.6030865e-01
   6.5060648e-01   9.9565562e-01   7.7094594e-01  -5.7728025e-01   7.4163340e-01   0.0000000e+00   9.9796596e-01  -3.5235010e-01  -8.7644622e-01   7.4107499e-01   1.5535764e-01  -2.2697417e-01   6.2532739e-01  -6.9944227e-01  -2.8264889e-01   5.9206136e-01   6.7670389e-01  -6.5964491e-01  -8.8980959e-01   9.8785212e-01
   6.8941963e-01   9.9577910e-01   7.3089728e-01  -6.2811662e-01   7.0164343e-01   9.9796596e-01   0.0000000e+00  -4.0880284e-01  -8.4429256e-01   6.9725581e-01   9.2066547e-02  -2.8859632e-01   6.7239850e-01  -6.7267764e-01  -3.4206443e-01   5.3968482e-01   6.4255093e-01  -7.0617835e-01  -9.0831950e-01   9.9513900e-01
  -9.0750078e-01  -4.0427481e-01   2.1530580e-01   9.4399494e-01   3.5832062e-01  -3.5235010e-01  -4.0880284e-01   0.0000000e+00  -1.3710629e-01   3.0696852e-01   8.3093615e-01   9.5152136e-01  -9.4966986e-01  -2.6899646e-01   9.9325143e-01   5.3039055e-01   8.1610089e-02   9.1383358e-01   6.8676626e-01  -4.6447356e-01
  -2.4063086e-01  -8.5052225e-01  -9.4908515e-01   1.1493671e-01  -9.5800583e-01  -8.7644622e-01  -8.4429256e-01  -1.3710629e-01   0.0000000e+00  -9.5864223e-01  -6.0673329e-01  -2.6456426e-01  -1.7393456e-01   8.4386797e-01  -2.1357264e-01  -9.0632539e-01  -8.0125620e-01   2.1829266e-01   6.0522064e-01  -8.0007443e-01
   1.0731859e-01   7.2428442e-01   9.9256725e-01   1.1031532e-01   9.2059273e-01   7.4107499e-01   6.9725581e-01   3.0696852e-01  -9.5864223e-01   0.0000000e+00   7.7088051e-01   4.7886760e-01  -2.1242765e-02  -7.2197100e-01   3.9628022e-01   9.6429042e-01   8.9616993e-01   6.6033063e-03  -4.8096386e-01   6.2984107e-01
  -5.2052676e-01   1.2145875e-01   7.1623614e-01   7.1624451e-01   7.1128479e-01   1.5535764e-01   9.2066547e-02   8.3093615e-01  -6.0673329e-01   7.7088051e-01   0.0000000e+00   9.2679578e-01  -6.5182269e-01  -5.0086933e-01   8.8554749e-01   8.8488829e-01   6.1347455e-01   6.3936959e-01   1.7636635e-01   9.3714135e-03
  -7.5794652e-01  -2.5822460e-01   4.1424825e-01   9.2535218e-01   4.1755535e-01  -2.2697417e-01  -2.8859632e-01   9.5152136e-01  -2.6456426e-01   4.7886760e-01   9.2679578e-01   0.0000000e+00  -8.7920818e-01  -2.2436021e-01   9.7935115e-01   6.4687651e-01   3.5069524e-01   8.8089723e-01   5.1017035e-01  -3.6659648e-01
   9.6246906e-01   6.6415103e-01   6.1752470e-02  -9.8583128e-01  -4.7861871e-02   6.2532739e-01   6.7239850e-01  -9.4966986e-01  -1.7393456e-01  -2.1242765e-02  -6.5182269e-01  -8.7920818e-01   0.0000000e+00  -2.6573983e-02  -9.2459323e-01  -2.5165908e-01   1.3029169e-01  -9.8744973e-01  -8.5826124e-01   7.1842874e-01
   4.7424063e-02  -6.3145309e-01  -6.5851648e-01   5.9620279e-02  -9.3246097e-01  -6.9944227e-01  -6.7267764e-01  -2.6899646e-01   8.4386797e-01  -7.2197100e-01  -5.0086933e-01  -2.2436021e-01  -2.6573983e-02   0.0000000e+00  -2.8679477e-01  -7.7568987e-01  -3.6470435e-01   1.4525446e-01   3.0170817e-01  -6.6486812e-01
  -8.5530637e-01  -3.2927351e-01   3.1235988e-01   9.3713294e-01   4.1281203e-01  -2.8264889e-01  -3.4206443e-01   9.9325143e-01  -2.1357264e-01   3.9628022e-01   8.8554749e-01   9.7935115e-01  -9.2459323e-01  -2.8679477e-01   0.0000000e+00   6.0133400e-01   1.9460332e-01   8.9866796e-01   6.1215947e-01  -4.0646100e-01
  -1.5055971e-01   5.5622575e-01   9.2645327e-01   3.1550641e-01   9.4456623e-01   5.9206136e-01   5.3968482e-01   5.3039055e-01  -9.0632539e-01   9.6429042e-01   8.8488829e-01   6.4687651e-01  -2.5165908e-01  -7.7568987e-01   6.0133400e-01   0.0000000e+00   7.7567322e-01   2.1440028e-01  -2.4760445e-01   4.7165382e-01
   3.4033937e-01   7.0217640e-01   9.3912675e-01   1.1234481e-02   6.5804087e-01   6.7670389e-01   6.4255093e-01   8.1610089e-02  -8.0125620e-01   8.9616993e-01   6.1347455e-01   3.5069524e-01   1.3029169e-01  -3.6470435e-01   1.9460332e-01   7.7567322e-01   0.0000000e+00  -7.5869355e-02  -6.1034831e-01   5.6521012e-01
  -9.1457136e-01  -6.8466221e-01  -6.1249740e-02   9.9449690e-01  -2.7220918e-02  -6.5964491e-01  -7.0617835e-01   9.1383358e-01   2.1829266e-01   6.6033063e-03   6.3936959e-01   8.8089723e-01  -9.8744973e-01   1.4525446e-01   8.9866796e-01   2.1440028e-01  -7.5869355e-02   0.0000000e+00   8.3600627e-01  -7.5955499e-01
  -9.1826621e-01  -9.2503177e-01  -5.5994017e-01   7.8462463e-01  -3.7196232e-01  -8.8980959e-01  -9.0831950e-01   6.8676626e-01   6.0522064e-01  -4.8096386e-01   1.7636635e-01   5.1017035e-01  -8.5826124e-01   3.0170817e-01   6.1215947e-01  -2.4760445e-01  -6.1034831e-01   8.3600627e-01   0.0000000e+00  -9.0794665e-01
   7.1171331e-01   9.8381489e-01   6.6264738e-01  -6.8744824e-01   6.6030865e-01   9.8785212e-01   9.9513900e-01  -4.6447356e-01  -8.0007443e-01   6.2984107e-01   9.3714135e-03  -3.6659648e-01   7.1842874e-01  -6.6486812e-01  -4.0646100e-01   4.7165382e-01   5.6521012e-01  -7.5955499e-01  -9.0794665e-01   0.0000000e+00
